[31m
               5  5  5  5  5  5  5  5  5  5
            5                          5  5
         5                          5     5
      5                          5        5
   5                          5           5
5  5  5  5  5  5  5  5  5  5              5
5                          5              5
5                          5              5
5                          5              5
5                          5              5
5                          5           5
5                          5        5
5                          5     5
5                          5  5
5  5  5  5  5  5  5  5  5  5
